0
607
595
591
589
588
589
586
585
586
587
586
584
586
590
589
585
584
584
586
584
582
582
582
581
579
579
580
579
578
578
580
582
580
579
579
578
577
575
575
575
576
574
575
574
573
570
571
567
568
568
568
560
565
556
549
548
530
475
486
468
415
418
405
315
286
280
225
214
202
148
149
150
161
178
176
231
284
282
302
331
332
376
420
422
427
428
428
422
348
325
314
263
256
256
181
141
149
138
145
144
171
227
217
236
284
279
295
370
386
390
421
425
428
412
384
389
359
322
323
244
180
177
154
141
139
123
118
120
119
119
118
120
118
120
120
122
122
122
138
159
153
178
200
196
243
314
304
326
383
380
397
491
501
503
544
544
547
556
554
554
553
551
552
540
508
511
492
471
474
445
359
354
331
295
294
284
176
151
158
124
120
122
119
118
115
118
117
118
118
122
120
125
137
136
140
187
199
202
260
276
274
359
410
392
456
482
474
527
545
542
547
547
547
547
541
541
539
526
526
522
457
438
435
387
378
383
306
236
250
195
171
177
144
140
134
149
180
178
180
260
264
273
342
360
354
445
486
477
518
528
526
537
540
539
538
536
537
530
504
509
489
455
457
433
361
349
335
271
265
269
192
141
152
120
113
115
112
109
108
109
106
107
108
110
110
112
121
124
124
161
187
179
224
245
236
294
354
350
375
388
388
406
384
381
357
322
325
310
209
189
179
131
126
127
111
110
110
108
108
109
109
106
106
107
104
103
104
103
102
103
102
103
102
103
103
104
104
106
104
106
106
106
107
109
107
108
108
107
108
107
108
108
110
112
115
129
131
130
170
211
203
240
265
263
302
369
364
386
399
398
400
346
345
334
262
259
259
169
137
146
121
121
118
142
180
175
212
232
228
276
357
353
394
434
430
453
511
512
515
519
520
519
520
517
519
506
501
501
486
431
441
402
366
368
347
257
258
243
169
160
163
108
101
102
100
99
99
99
98
97
98
96
97
97
95
96
94
95
95
94
94
92
93
93
92
93
93
100
100
111
114
117
144
204
193
235
267
264
289
358
358
373
388
388
388
363
324
337
282
245
254
199
136
142
123
106
109
114
152
152
169
211
211
233
306
310
326
366
369
370
386
369
372
310
298
300
251
181
193
142
112
115
101
86
84
88
90
86
86
86
87
88
86
85
85
87
86
87
86
88
90
88
89
87
89
86
88
90
93
106
112
133
134
140
195
233
239
276
288
289
342
427
420
465
492
491
505
514
514
517
515
516
515
506
494
495
459
436
441
402
341
351
310
253
257
229
143
143
125
104
105
110
150
149
164
207
215
221
283
324
329
367
372
373
386
369
364
333
304
307
280
196
189
162
119
119
112
100
114
117
153
163
161
198
254
247
292
342
338
372
414
415
422
406
410
396
320
298
281
217
210
200
127
103
98
78
77
77
77
81
76
77
76
77
76
77
76
57
76
75
76
76
74
76
71
75
72
73
73
73
72
70
72
72
71
73
69
70
70
72
70
69
71
71
77
76
83
108
119
152
172
169
209
265
273
311
332
331
351
367
368
348
305
305
292
213
190
179
121
108
112
86
93
98
120
146
146
170
229
233
269
321
325
339
395
400
407
389
385
381
330
286
284
239
201
206
160
115
105
102
114
106
130
180
193
226
263
265
273
338
369
389
408
411
409
403
358
349
300
273
274
247
178
169
140
109
109
108
138
148
160
215
224
223
280
339
345
399
439
432
476
496
501
502
505
503
509
506
506
508
507
507
507
510
505
506
504
507
505
508
505
508
506
506
505
510
504
504
507
507
505
507
504
505
504
506
506
509
507
506
508
504
505
504
505
500
503
501
504
502
505
504
505
503
504
503
505
505
505
507
506
505
506
506
505
506
503
506
504
504
502
505
502
504
503
504
502
504
503
504
503
501
504
503
504
507
506
506
507
505
506
507
509
505
506
505
506
504
506
503
506
506
505
504
505
506
507
506
505
507
507
504
507
507
506
509
508
507
506
504
503
506
502
494
498
492
443
449
447
393
323
325
228
240
237
175
140
140
109
107
107
121
166
158
219
261
257
282
365
354
382
408
407
408
393
370
369
299
294
293
239
185
194
150
129
131
120
120
108
124
198
183
185
276
311
320
371
377
376
407
398
398
343
336
334
289
220
235
186
147
153
130
89
96
87
103
99
106
199
206
219
284
292
292
347
366
365
360
344
345
339
249
258
242
183
186
187
138
107
110
80
78
79
74
69
70
69
70
69
69
70
69
72
73
71
71
71
72
71
73
73
70
75
74
74
75
74
76
75
76
76
75
77
75
76
75
79
75
77
75
75
96
136
124
197
210
209
270
332
321
377
401
399
415
400
409
378
334
340
320
244
243
211
159
169
155
111
105
102
106
109
109
174
196
205
273
290
287
323
382
374
383
370
374
368
302
302
297
223
217
217
169
133
140
110
105
104
112
161
149
208
263
251
283
367
366
400
451
443
458
500
497
504
513
513
512
511
511
512
499
494
493
454
399
411
355
301
308
290
196
216
201
137
141
142
112
95
97
91
87
89
88
88
88
86
88
88
78
87
86
86
84
84
85
84
85
84
86
84
85
85
84
86
90
118
105
160
221
207
260
313
303
332
383
384
384
365
369
369
320
276
284
227
206
212
177
130
140
117
109
106
109
180
164
195
259
246
248
318
355
357
388
385
385
362
336
320
282
266
269
219
172
186
147
116
122
111
94
93
94
91
92
91
93
93
92
92
92
93
93
95
95
94
95
96
96
98
96
100
98
101
98
100
113
113
161
161
162
235
279
275
354
364
360
419
461
453
480
501
499
512
518
517
518
517
517
515
512
492
500
450
432
437
397
313
335
286
226
242
231
149
154
146
117
117
118
148
177
176
264
268
264
336
368
364
397
394
393
380
335
350
301
259
269
235
175
178
163
128
130
125
110
107
109
108
106
106
107
107
107
107
111
106
106
104
106
104
104
104
105
102
102
101
101
102
101
102
103
101
104
105
102
105
106
106
105
122
106
109
108
111
110
136
130
133
216
234
237
313
321
312
375
403
399
406
388
395
388
313
308
299
241
234
243
168
159
157
123
120
123
113
107
106
106
105
106
106
109
107
109
116
113
120
180
170
195
277
266
272
354
376
370
444
459
449
490
521
512
527
533
532
534
536
537
537
523
525
527
469
433
439
360
341
353
281
241
251
193
170
181
156
132
130
141
174
163
183
282
292
299
370
374
375
454
472
467
504
519
516
536
543
541
546
544
545
545
541
534
533
479
472
482
383
354
363
276
259
273
234
165
183
147
130
135
123
119
117
118
116
117
116
117
116
118
119
120
120
149
187
187
251
279
266
347
403
382
429
465
455
479
528
524
533
546
548
545
552
550
551
545
541
543
525
471
486
419
361
387
350
267
273
248
189
196
184
143
132
135
121
122
120
118
117
118
117
116
117
119
120
118
121
135
128
142
208
235
226
312
323
313
396
417
406
427
419
424
408
344
359
311
276
285
252
196
202
168
142
147
140
161
173
177
242
250
248
310
361
363
411
425
418
420
393
404
372
326
337
318
247
240
238
172
167
180
153
156
146
189
228
205
262
317
304
382
436
410
445
507
502
523
548
544
551
558
563
562
564
564
566
567
569
569
569
571
569
572
572
572
570
574
571
575
573
574
574
575
580
576
573
574
573
578
576
576
577
578
577
579
579
579
579
580
580
578
579
594
579
578
578
578
